0.0790295
0.0378629
0.00744148
0.0341562
0.000538934
0.0394911
0.0306907
0.070675
0.0735255
0.0721996
0.0741172
0.0868323
0.0319264
0.0364956
0.0245127
0.0711007
0.0801113
0.0855244
0.0696195
0.0580443
0.0884693
0.0158973
0.0667369
0.0697088
0.0575332
0.0528862
0.0488321
0.0729535
0.0604355
0.0578854
0.0616314
0.0462781
0.0652139
0.0618983
0.055954
0.0515329
0.0492351
0.0132955
0.0726604
0.0609649
0.00907813
0.0736895
0.0511178
0.063755
0.0342733
0.0189264
0.0821434
0.0919642
0.0333198
0.036087
