0.057353
0.0631256
0.0470711
0.0469786
0.0837445
0.0672969
0.0240091
0.0587444
0.04312
0.061508
0.0312023
0.0624772
0.0527029
0.0672369
0.0660078
0.0410808
0.0592677
0.0429373
0.00660064
0.0658734
0.0689491
0.0526111
0.0507366
0.0445809
0.0652009
0.0223662
0.0608508
0.0349658
0.0406077
0.000310819
0.0306471
0.00586179
0.0583978
0.0723252
0.0651965
0.0294007
0.0498805
0.0410515
0.0616246
0.0572589
0.0693423
0.0476214
0.0735906
0.0282301
0.0124066
0.0380494
0.0429357
0.0503628
0.0326768
0.0168812
