0.0335312
0.0523015
0.0180435
0.0236386
0.0414932
0.0208698
0.0262928
0.0521135
0.00663287
0.0375728
0.0190317
0.0261937
0.0309603
0.024568
0.0284973
0.00870671
0.0233734
0.0318908
0.0276388
0.0296171
0.0458511
0.0384461
0.0241187
0.0280762
0.0454436
0.0282833
0.0307407
0.050627
0.0519853
0.0365788
0.0173317
0.00431125
0.0100829
0.0220774
0.0492556
0.0350327
0.0418842
0.0231233
0.0176232
0.0575633
0.0397568
0.0158645
0.0513598
0.0250365
0.0454098
0.0145946
0.0160974
0.0238314
0.0175816
0.0416814
