0.00496793
0.0230265
0.0245761
0.0228889
0.0337529
0.0107541
0.0327105
0.0222968
0.0151758
0.0289864
0.0310688
0.0283658
0.011927
0.000598138
0.0303621
0.0214497
0.00387883
0.0199721
0.026506
0.0255604
0.0183666
0.0170562
0.0268809
0.0283073
0.00194114
0.0407865
0.0368644
0.0237096
0.0122321
0.0363988
0.0208217
0.00758386
0.0361152
0.0552387
0.0302355
0.00304975
0.0270177
0.0237623
0.0298168
0.00563923
0.0298151
0.0233711
0.0203927
0.0203927
0.0330895
0.00769844
0.00856023
5.9578e-05
0.00848016
0.023184
