0.00454102
0.0257881
0.0341805
0.0484771
0.0419829
0.0461835
0.0472569
0.0187622
0.0415961
0.0120828
0.0167367
0.00477589
0.0323078
0.0330005
0.0365089
0.015813
0.0172781
0.0455275
0.0317856
0.0331075
0.0586675
0.0131047
0.00849583
0.0170931
0.0529778
0.0223657
0.121871
0.031288
0.00572873
0.0378599
0.0536147
0.0381438
0.0286538
0.0417142
0.00381196
0.054527
0.037151
0.0417502
0.00673023
0.0259825
0.0217696
0.049054
0.0473306
0.0404728
0.0136432
0.0438825
0.0488361
0.0039495
0.0216711
0.0352116
